26887.mp4 14 1320
d17908.mp4 1 2 14 637
d18334.mp4 7 14 213
d17931.mp4 7 8 14 269
26589_2.mp4 14 1336
d17604.mp4 14 15 90
26742.mp4 4 14 468
26812.mp4 7 14 16 1305
d23239.mp4 14 432
26778.mp4 2 14 950
27546.mp4 14 497
26726.mp4 7 8 14 680
26800.mp4 14 15 16 1229
d16310.mp4 3 4 14 322
d11819.mp4 7 14 410
26879.mp4 14 1592
d17969.mp4 6 14 255
27513.mp4 14 556
d11899.mp4 3 7 14 361
26821.mp4 14 1168
26915.mp4 7 14 285
d16464.mp4 1 7 14 271
d23901_8.mp4 14 570
d23905_5.mp4 7 14 1153
d24234_4.mp4 14 15 2596
d23901_6.mp4 7 14 1153
26788.mp4 14 839
d23495.mp4 14 423
d17989.mp4 6 14 316
d18355.mp4 14 230
d21638.mp4 2 6 14 486
d6636.mp4 11 14 203
d15904.mp4 6 14 436
26696.mp4 7 14 1021
d21299.mp4 14 264
d21297.mp4 14 399
26744.mp4 1 14 410
26869.mp4 12 14 425
d6402.mp4 14 693
d21000.mp4 4 14 515
26711.mp4 14 450
27582.mp4 14 522
d17993.mp4 7 14 15 258
d21903.mp4 14 285
d11798.mp4 1 14 362
27615.mp4 2 13 14 772
d15446.mp4 9 10 14 600
d21642.mp4 2 14 150
d17992.mp4 6 14 222
d4909.mp4 2 14 335
26736.mp4 1 14 313
26780.mp4 14 1063
27650_1.mp4 2 4 13 876
d4696.mp4 1 13 468
d84042.mp4 13 16 903
d8797.mp4 2 10 13 404
d11316.mp4 11 13 380
26715.mp4 1 8 13 444
26749.mp4 1 4 13 263
d7270.mp4 9 13 311
d9051.mp4 13 383
d3099.mp4 3 11 13 408
d84011.mp4 1 4 13 382
27540.mp4 2 13 702
d20719.mp4 1 13 15 266
d20921.mp4 4 13 326
27654_2.mp4 7 13 1186
d8661.mp4 13 233
27687_1.mp4 6 13 15 926
d21982.mp4 4 13 295
d21246.mp4 2 13 659
27630_3.mp4 13 15 1137
d8871.mp4 4 9 13 503
d19040.mp4 1 6 8 10 13 755
d23271.mp4 2 10 13 423
d84077.mp4 13 15 407
d20450.mp4 2 3 11 13 350
d23691.mp4 2 13 765
d7055.mp4 2 13 503
26683_1.mp4 13 1126
d16131.mp4 2 3 13 231
d17306.mp4 1 2 6 13 337
d4838.mp4 7 13 353
d7098.mp4 1 13 400
d15386.mp4 1 13 304
26731.mp4 13 630
d7302.mp4 2 13 224
25232.mp4 8 13 649
d17169.mp4 13 355
d11299.mp4 1 3 11 13 320
d20329.mp4 13 538
d12136.mp4 4 13 930
d7417.mp4 13 289
d84016.mp4 4 13 883
27623_3.mp4 13 15 1159
d84028.mp4 13 242
d84019.mp4 13 650
d16478.mp4 3 13 724
d23268.mp4 4 13 341
d19092.mp4 13 888
d84018.mp4 1 13 898
d84120.mp4 1 10 13 932
d3528.mp4 1 5 13 708
d23909_14.mp4 16 1103
d17852.mp4 16 340
d15915.mp4 1 16 537
d23915_22.mp4 16 1202
26699.mp4 2 16 895
d23906_13.mp4 16 1003
d6440.mp4 10 16 461
d6405.mp4 1 16 260
d23915_21.mp4 16 1203
d23910_14.mp4 16 1023
d23906_10.mp4 16 1003
d23916_9.mp4 16 1063
27749.mp4 7 16 1452
d23916_19.mp4 16 1163
d23916_17.mp4 16 1013
d9417.mp4 1 16 267
d23915_17.mp4 16 1052
d23909_13.mp4 1 16 1053
d23916_28.mp4 16 1013
d4878.mp4 15 16 370
d23916_20.mp4 16 1063
d23909_16.mp4 1 16 156
d23907_7.mp4 16 1053
d5571.mp4 3 4 8 11 16 444
d23909_11.mp4 16 1003
27639_1.mp4 4 9 16 876
d5224.mp4 1 16 337
d23915_23.mp4 16 1053
d23916_31.mp4 16 1113
d23909_4.mp4 16 1027
d23904_3.mp4 2 16 1103
d23921_8.mp4 16 1207
d282.mp4 16 3012
d209.mp4 16 3208
d23910_21.mp4 16 1022
d23903_12.mp4 16 1084
27385.mp4 1 16 540
d272.mp4 16 2507
d23910_5.mp4 16 1203
26140_6.mp4 16 1498
d23917_4.mp4 16 1051
d23916_18.mp4 16 1013
27248.mp4 1 16 271
d20711.mp4 16 360
d23910_25.mp4 16 1223
d23903_16.mp4 16 1103
d23917_12.mp4 16 1050
d207.mp4 16 3010
d462.mp4 16 2260
d23910_15.mp4 16 1073
d23910_20.mp4 16 1073
d23915_19.mp4 16 1153
d5023.mp4 16 523
d5230.mp4 2 16 308
d23909_12.mp4 16 1052
d23903_11.mp4 16 1003
d274.mp4 16 2304
d23921_11.mp4 16 1007
d23906_3.mp4 16 1103
d21241.mp4 16 319
d23917_6.mp4 16 1100
d23699.mp4 16 458
d17752.mp4 16 341
d23910_27.mp4 16 1073
d23910_6.mp4 16 1073
d23916_12.mp4 16 1013
27430.mp4 2 16 767
25014.mp4 12 169
d10037.mp4 2 12 646
d6348.mp4 1 12 394
d21311.mp4 12 156
d8756.mp4 11 12 483
d20430.mp4 1 4 12 263
d8606.mp4 4 12 163
d20632.mp4 8 12 379
d22036.mp4 2 12 463
d4356.mp4 2 3 12 500
d20619.mp4 12 290
d20697.mp4 12 320
d8764.mp4 12 521
d15102.mp4 12 123
25072.mp4 6 12 1259
d8737.mp4 11 12 350
d17690.mp4 1 2 12 961
26169_2.mp4 12 1077
25152.mp4 1 12 363
d21653.mp4 8 12 204
25143.mp4 12 72
25275.mp4 3 10 12 140
d7967.mp4 3 12 344
26739.mp4 2 12 363
25273.mp4 10 12 310
25309.mp4 12 120
d8744.mp4 1 11 12 279
27510.mp4 12 179
d16144.mp4 1 12 297
d6019.mp4 12 365
25280.mp4 1 12 329
27863.mp4 2 12 160
25162.mp4 12 342
25212.mp4 1 12 198
d23609.mp4 12 268
26815.mp4 12 465
26883.mp4 12 486
d219.mp4 1 12 3682
d21587.mp4 12 137
d10034.mp4 8 12 308
d17972.mp4 12 330
d4774.mp4 8 12 375
d18021.mp4 3 7 12 276
d22034.mp4 12 611
26223_2.mp4 8 12 1489
25042.mp4 12 309
d11453.mp4 2 12 180
27823.mp4 12 1448
d84036.mp4 1 2 12 337
26852.mp4 12 194
d22080.mp4 10 12 399
d21555.mp4 1 12 791
26119_5.mp4 12 1501
d3837.mp4 12 792
25243.mp4 12 233
d3056.mp4 12 225
25241.mp4 12 137
26854.mp4 12 707
27715_2.mp4 12 1030
26754.mp4 1 12 599
27837.mp4 12 1488
d20017.mp4 3 12 205
26824.mp4 12 832
d22302.mp4 2 12 577
d6492.mp4 12 209
27659_4.mp4 12 903
26302.mp4 1 12 856
d7443.mp4 12 206
d24202_4.mp4 8 11 12 1055
26881.mp4 12 971
26891.mp4 12 559
25082.mp4 12 231
d8856.mp4 6 9 12 337
d18107.mp4 12 194
d4884.mp4 1 12 853
d16277.mp4 1 12 373
d21330.mp4 12 455
d11907.mp4 10 12 474
d23601.mp4 12 470
25325.mp4 12 150
26846.mp4 12 600
d20398.mp4 1 12 197
d15747.mp4 1 12 146
d6665.mp4 12 101
d12019.mp4 6 7 12 422
d20727.mp4 10 11 374
d8812.mp4 1 11 449
26399_1.mp4 7 11 1126
26095_3.mp4 11 1077
25389.mp4 2 11 616
d18671.mp4 11 227
d20612.mp4 9 11 493
d11944.mp4 10 11 659
d8882.mp4 11 369
d11310.mp4 3 11 546
d20500.mp4 8 11 243
d3260.mp4 2 10 11 362
d20604.mp4 1 2 11 428
d20594.mp4 3 10 11 326
d18090.mp4 1 11 350
d10555.mp4 6 11 238
d17817.mp4 11 825
d11976.mp4 1 11 411
d20349.mp4 8 11 394
d9233.mp4 1 11 356
27614.mp4 11 432
d20295.mp4 10 11 341
d11817.mp4 11 517
d20605.mp4 10 11 379
d20289.mp4 1 10 11 436
d20203.mp4 1 8 11 289
d11303.mp4 2 3 6 11 397
d8908.mp4 1 11 662
d20631.mp4 2 11 334
d8760.mp4 8 11 207
d9303.mp4 2 3 11 250
d20257.mp4 10 11 300
d11246.mp4 11 523
d9446.mp4 1 11 337
d18295.mp4 1 6 11 309
d8891.mp4 8 11 436
d11266.mp4 2 11 641
d17218.mp4 3 11 500
d21864.mp4 1 11 511
d20152.mp4 11 217
d20155.mp4 4 11 237
d20575.mp4 1 11 227
d20157.mp4 1 11 261
d8835.mp4 1 4 11 392
d3190.mp4 2 11 592
25290.mp4 1 11 449
d7723.mp4 8 11 247
d6647.mp4 2 11 350
27683_1.mp4 2 11 1151
d11975.mp4 1 11 527
d20088.mp4 2 8 11 411
d20355.mp4 8 11 421
d8755.mp4 3 11 233
d8849.mp4 1 11 488
d11328.mp4 3 11 330
d18721.mp4 11 15 184
d8787.mp4 1 11 335
26312_2.mp4 2 11 1251
d8673.mp4 2 9 11 284
d20615.mp4 2 11 287
d20610.mp4 11 274
d17254.mp4 2 3 11 400
d7630.mp4 2 11 446
27802.mp4 1 11 366
d20613.mp4 2 11 350
d18867.mp4 8 11 247
d387.mp4 11 2571
d6676.mp4 2 11 356
d3001.mp4 1 2 11 473
d20252.mp4 3 8 11 207
d17105.mp4 2 11 310
d11220.mp4 2 11 280
d20075.mp4 2 8 11 303
d18700.mp4 1 11 271
25064.mp4 11 860
d20505.mp4 11 342
25250.mp4 5 6 11 516
27621.mp4 1 5 11 745
d20288.mp4 10 11 833
d19154.mp4 1 11 482
d19043.mp4 1 11 319
d9155.mp4 9 11 228
d9250.mp4 2 3 11 519
d8757.mp4 1 11 211
27732_3.mp4 11 654
d8728.mp4 1 11 236
d20588.mp4 1 8 11 218
25343.mp4 1 11 1260
d22798.mp4 4 11 527
26190_3.mp4 1 11 1740
d20317.mp4 10 11 366
d9203.mp4 11 269
d20154.mp4 11 248
d11108.mp4 1 3 11 321
d11160.mp4 11 661
27684_1.mp4 11 1126
d11259.mp4 2 3 11 319
d20822.mp4 11 318
d11251.mp4 11 370
d10025.mp4 1 11 490
d3170.mp4 2 11 768
d9277.mp4 3 11 523
d17328.mp4 6 11 500
d18293.mp4 11 238
d17305.mp4 2 3 11 258
d19102.mp4 1 11 461
d17136.mp4 1 11 345
d21568.mp4 1 15 673
d10605.mp4 15 250
26345_3.mp4 15 1226
26353_1.mp4 3 15 1077
d24165_4.mp4 15 1029
d21960.mp4 6 15 300
26090_4.mp4 1 7 15 1501
26613_3.mp4 2 4 6 15 1388
27661_1.mp4 1 15 926
26121_5.mp4 15 1501
26445_4.mp4 15 895
d15767.mp4 9 15 459
d24208_3.mp4 8 15 1009
27228.mp4 7 15 361
25205.mp4 15 220
25313.mp4 6 7 15 782
d11858.mp4 1 2 15 363
d24150_3.mp4 10 15 1378
d22407.mp4 3 15 533
26650_2.mp4 6 7 15 1351
d23100.mp4 15 262
26496_1.mp4 3 6 8 15 927
d24167_7.mp4 15 1332
d24166_6.mp4 10 15 1009
27459.mp4 7 15 324
d15532.mp4 1 15 321
27235.mp4 7 15 293
26372_4.mp4 15 1103
d24165_3.mp4 15 1036
27682_1.mp4 3 15 925
27105.mp4 4 7 9 15 370
27128.mp4 7 15 341
27717_1.mp4 15 1076
d24141_12.mp4 10 15 1009
26902.mp4 1 15 373
26278_1.mp4 1 15 1443
25312.mp4 7 15 929
d20617.mp4 1 15 195
d24223_1.mp4 15 1973
d5107.mp4 2 15 252
26254_1.mp4 8 15 1111
26105_1.mp4 6 15 1577
27701_2.mp4 15 930
26392_1.mp4 4 15 1001
d24168_6.mp4 10 15 1009
d19197.mp4 5 15 520
26102_3.mp4 7 15 1476
d24142_4.mp4 10 15 1257
27718_1.mp4 1 6 15 1051
26390_1.mp4 4 15 951
26278_2.mp4 3 15 1633
26375_2.mp4 3 15 1251
26465_2.mp4 1 15 1001
d24168_7.mp4 15 1001
d21901.mp4 6 15 273
27422.mp4 7 15 395
27696_1.mp4 9 15 1001
d7053.mp4 2 15 235
27607.mp4 7 15 400
27736_3.mp4 8 15 704
d5431.mp4 2 15 376
d24168_9.mp4 15 1009
26286.mp4 15 1079
d4993.mp4 15 281
26369_2.mp4 15 1101
d4649.mp4 2 15 421
26284_1.mp4 3 15 944
d5512.mp4 1 15 554
d21899.mp4 15 214
26447_3.mp4 15 1077
d21645.mp4 15 247
26506_1.mp4 15 1177
d24150_11.mp4 15 1386
d5115.mp4 15 647
d15950.mp4 15 543
27507.mp4 15 189
d21968.mp4 15 506
27658_7.mp4 15 1132
26468_1.mp4 15 876
27361.mp4 7 15 92
d24150_14.mp4 15 1383
27423.mp4 7 15 340
26490_1.mp4 15 1001
26355_1.mp4 15 1051
26313_4.mp4 15 1201
d11774.mp4 3 15 566
d18002.mp4 3 15 244
d22251.mp4 2 15 743
26382_3.mp4 8 15 1126
d24142_5.mp4 10 15 1259
26138_2.mp4 15 770
26261_2.mp4 15 1327
27583.mp4 15 350
27660_2.mp4 15 930
d10527.mp4 15 441
27653_1.mp4 1 4 15 1126
d6013.mp4 2 15 378
d24166_13.mp4 10 15 1001
d24149_5.mp4 15 1276
d24160_6.mp4 15 1009
27631_1.mp4 4 9 15 1126
d23247.mp4 15 197
d24142_8.mp4 10 15 1253
26133_4.mp4 1 2 8 15 1601
d24158_1.mp4 15 1176
d24165_1.mp4 15 1026
d4648.mp4 2 4 15 541
27745_1.mp4 6 15 1001
d24149_1.mp4 15 1276
25435.mp4 9 1227
d23316.mp4 3 5 9 479
d6549.mp4 1 9 349
d3016.mp4 3 8 9 422
27146.mp4 2 9 343
d23783.mp4 9 327
d23419.mp4 9 524
d6784.mp4 4 9 225
d8954.mp4 2 9 406
d5739.mp4 9 333
d12220.mp4 4 9 529
d6691.mp4 9 146
d4935.mp4 1 9 579
d10405.mp4 2 9 358
26733.mp4 9 558
d21149.mp4 2 9 275
27182.mp4 7 9 533
d23653.mp4 4 9 968
26734.mp4 9 768
26759.mp4 9 443
d16447.mp4 4 9 390
d21106.mp4 2 9 217
d4693.mp4 2 9 950
d7068.mp4 9 159
d10415.mp4 9 1050
d18479.mp4 2 9 528
26398_2.mp4 6 9 1051
d4750.mp4 6 7 9 451
d84063.mp4 9 400
d21430.mp4 2 9 228
d15638.mp4 8 9 465
d6535.mp4 4 9 359
d5759.mp4 9 547
d18983.mp4 9 281
27320.mp4 4 9 338
d7298.mp4 4 9 300
d19007.mp4 4 9 411
d5847.mp4 2 9 276
26587_7.mp4 9 1513
27678_2.mp4 2 9 10 996
27100.mp4 4 9 64
27246.mp4 4 9 343
d8993.mp4 4 9 315
d8608.mp4 4 9 124
d9119.mp4 9 304
d7329.mp4 3 9 315
d20978.mp4 1 5 9 207
26737.mp4 4 9 383
d21105.mp4 4 9 307
d6743.mp4 2 9 222
26908.mp4 4 9 401
d19224.mp4 4 9 242
27003.mp4 4 9 457
d8794.mp4 2 4 9 617
26225_5.mp4 9 1584
d21126.mp4 7 9 391
d9109.mp4 9 113
d10963.mp4 2 7 9 167
d17145.mp4 9 456
d4681.mp4 9 111
d21118.mp4 9 263
d21188.mp4 4 9 382
d18406.mp4 4 9 274
d15674.mp4 9 173
d21115.mp4 9 161
d6655.mp4 4 9 425
26199_1.mp4 4 9 1091
d6285.mp4 9 229
d22689.mp4 3 9 381
d22757.mp4 9 579
d3213.mp4 2 8 9 611
d22647.mp4 9 511
27668_1.mp4 4 9 1126
d21190.mp4 4 9 233
d6607.mp4 8 9 324
d23805.mp4 9 179
27169.mp4 4 9 212
d8662.mp4 9 314
d10526.mp4 9 437
d4507.mp4 9 496
d21108.mp4 2 9 223
d4944.mp4 9 289
d20926.mp4 9 446
d15951.mp4 4 5 9 481
d21263.mp4 9 357
d23781.mp4 2 9 312
27304.mp4 4 9 375
d5624.mp4 9 321
d12184.mp4 9 1572
d4258.mp4 9 662
d22685.mp4 9 630
d22467.mp4 4 9 478
d21191.mp4 9 313
d5730.mp4 9 505
d21943.mp4 9 409
27076.mp4 7 9 126
d23936_6.mp4 9 1604
d21189.mp4 9 322
27000.mp4 7 9 120
d17999.mp4 9 246
26587_8.mp4 9 1371
d24143_5.mp4 9 10 1005
d21216.mp4 9 1499
d15406.mp4 2 9 10 281
27080.mp4 7 9 314
d21965.mp4 4 9 10 309
27195.mp4 4 7 9 366
d15704.mp4 3 9 544
d5736.mp4 9 432
27804.mp4 3 9 10 400
d23427.mp4 4 9 437
27093.mp4 7 9 362
d22081.mp4 1 9 10 598
d7307.mp4 4 9 1050
27334.mp4 2 9 364
d22925.mp4 5 164
d22779.mp4 2 3 5 520
d3309.mp4 5 343
25022.mp4 1 5 8 588
d15729.mp4 1 5 611
25196.mp4 5 155
d6361.mp4 1 5 346
d7371.mp4 5 330
d16092.mp4 1 3 5 338
d6160.mp4 5 466
d21349.mp4 1 5 640
d15056.mp4 5 485
d23476.mp4 5 272
d22103.mp4 5 366
d4065.mp4 1 4 5 276
d19046.mp4 1 5 600
26490_4.mp4 5 1011
d15541.mp4 5 7 464
d3907.mp4 2 5 353
d23474.mp4 1 2 5 334
26638_3.mp4 2 5 1373
d15624.mp4 1 5 298
d15732.mp4 5 497
d3949.mp4 3 4 5 610
25195.mp4 5 382
27830.mp4 5 3144
d21344.mp4 1 5 365
d6270.mp4 2 5 396
d18269.mp4 5 7 327
d23102.mp4 5 556
d5256.mp4 5 381
d4394.mp4 1 2 5 317
d4827.mp4 1 5 349
d22056.mp4 2 4 5 239
d5359.mp4 5 750
d23328.mp4 5 437
d21353.mp4 1 5 363
d4321.mp4 2 5 503
d15721.mp4 5 371
d15885.mp4 1 5 659
d17647.mp4 2 5 945
d15844.mp4 3 5 438
d15745.mp4 1 5 203
d20976.mp4 5 207
d7435.mp4 1 5 224
d23266.mp4 5 346
d18315.mp4 1 5 370
d15802.mp4 1 5 288
d12135.mp4 5 10 801
d3085.mp4 1 5 562
d21503.mp4 1 5 308
d16244.mp4 1 5 340
d21495.mp4 2 5 600
d5785.mp4 1 5 376
d15051.mp4 2 5 663
d9344.mp4 5 248
d15903.mp4 1 5 555
d3382.mp4 5 1057
d6208.mp4 5 476
d23471.mp4 5 240
26910.mp4 5 6 260
d21519.mp4 1 5 464
d22203.mp4 5 292
d4589.mp4 5 228
d15684.mp4 5 265
d15875.mp4 1 5 385
d15675.mp4 5 186
d16117.mp4 1 5 294
d23756.mp4 1 5 738
d21907.mp4 5 371
d20937.mp4 1 5 231
d6039.mp4 2 5 389
d7378.mp4 5 236
d3464.mp4 1 5 396
d17790.mp4 2 5 338
d21161.mp4 5 382
d23205.mp4 2 5 418
25047.mp4 1 5 380
d3539.mp4 1 2 5 387
d6165.mp4 5 263
d5791.mp4 5 256
d20936.mp4 5 572
d21636.mp4 2 5 297
d22102.mp4 5 310
d3323.mp4 5 340
d16260.mp4 1 5 301
d3317.mp4 2 5 234
d5452.mp4 5 930
d18226.mp4 1 5 649
d12225.mp4 3 5 1739
25451.mp4 1 5 1327
d18029.mp4 2 5 6 537
27832.mp4 5 2820
25021.mp4 1 5 673
d3322.mp4 5 397
d15944.mp4 3 5 509
d21350.mp4 3 5 363
d15524.mp4 5 529
d17197.mp4 3 5 367
d16084.mp4 5 297
25460.mp4 5 6 1249
d6539.mp4 5 344
d4525.mp4 5 451
d21908.mp4 5 355
d23477.mp4 5 250
d21464.mp4 3 5 290
d6618.mp4 2 5 355
d17759.mp4 2 5 604
d17200.mp4 3 5 371
26346_1.mp4 2 5 1126
d6561.mp4 5 202
d21284.mp4 5 299
d23472.mp4 3 5 272
d22614.mp4 5 395
d18144.mp4 1 5 402
d21381.mp4 5 637
d4358.mp4 1 5 650
d21661.mp4 2 5 458
d16545.mp4 5 869
d3398.mp4 2 5 548
d23011.mp4 1 5 754
25336.mp4 5 414
d4658.mp4 1 5 429
d15936.mp4 1 5 575
27534.mp4 5 242
d20985.mp4 1 5 324
d21655.mp4 2 5 276
d22187.mp4 5 410
27150.mp4 4 5 517
d16090.mp4 1 2 5 450
d3064.mp4 3 5 443
d6570.mp4 5 168
d21365.mp4 1 5 443
d5789.mp4 5 558
d16592.mp4 5 316
d23628.mp4 2 10 433
d24166_2.mp4 10 1005
d21182.mp4 10 500
d20668.mp4 1 10 214
d20673.mp4 4 10 367
d15255.mp4 3 10 467
d4757.mp4 1 10 270
d23203.mp4 2 10 357
d20160.mp4 1 2 10 231
d24148_2.mp4 10 1383
26926.mp4 6 8 10 442
d24143_2.mp4 10 1005
d15352.mp4 10 282
d7410.mp4 2 10 223
d23273.mp4 4 10 477
26722.mp4 10 528
d5052.mp4 2 10 227
d84108.mp4 1 10 908
d24219_2.mp4 10 1802
d23278.mp4 2 10 394
26927.mp4 2 10 588
d20547.mp4 8 10 313
d23250.mp4 10 758
d20858.mp4 6 10 298
d16408.mp4 1 10 218
d6308.mp4 1 2 10 742
27790.mp4 2 10 3272
d3018.mp4 2 10 800
d15428.mp4 2 10 212
d20903.mp4 10 171
d7211.mp4 3 10 298
d24162_2.mp4 10 1005
d15253.mp4 2 10 545
d20657.mp4 10 343
d23174.mp4 2 10 315
d6388.mp4 1 10 323
d20179.mp4 1 10 275
d4839.mp4 1 6 10 419
d15240.mp4 1 10 618
d24146_4.mp4 10 1385
d20802.mp4 1 10 443
d6639.mp4 10 369
d24146_2.mp4 10 1383
d24222_9.mp4 1 10 2653
d24168_11.mp4 10 1005
d8803.mp4 1 10 424
27813.mp4 10 358
d6272.mp4 6 10 481
d22079.mp4 2 8 10 307
d24168_10.mp4 10 1001
d11918.mp4 6 10 519
d6751.mp4 1 10 223
d16509.mp4 10 339
d20679.mp4 6 10 281
d12189.mp4 3 10 1139
d8805.mp4 1 10 476
d20312.mp4 2 3 10 273
d23258.mp4 2 8 10 583
d21179.mp4 8 10 719
d6500.mp4 10 315
d3125.mp4 2 10 446
d3264.mp4 1 2 10 698
d6276.mp4 10 292
d24146_5.mp4 10 1380
d20731.mp4 1 10 407
d24142_1.mp4 10 1251
d22588.mp4 2 10 738
d20660.mp4 10 249
d21953.mp4 10 228
d7376.mp4 1 10 239
d11767.mp4 1 6 10 574
d24143_6.mp4 10 1009
d24168_1.mp4 10 1001
d20737.mp4 10 779
d21443.mp4 1 10 153
d22687.mp4 10 399
d12035.mp4 10 400
d20156.mp4 10 168
d11929.mp4 3 10 406
d20765.mp4 10 422
d20766.mp4 2 10 408
d3255.mp4 2 10 376
d22736.mp4 1 10 491
d6686.mp4 1 4 10 291
d20848.mp4 10 246
d3278.mp4 2 10 241
d11931.mp4 10 802
d16159.mp4 1 10 420
d6650.mp4 10 320
d20323.mp4 1 10 368
d20685.mp4 3 10 297
d20862.mp4 1 10 464
d11952.mp4 1 10 381
d22584.mp4 10 500
27820.mp4 3 10 510
27448.mp4 2 10 194
d24168_12.mp4 10 1009
d17150.mp4 1 10 199
d20313.mp4 1 10 392
d16149.mp4 10 318
d7414.mp4 3 10 223
d7454.mp4 3 10 509
d23401.mp4 10 275
d16080.mp4 1 10 219
d20846.mp4 1 10 280
d17878.mp4 3 10 456
d22522.mp4 2 10 387
d15007.mp4 2 3 10 267
d24217_1.mp4 10 3219
d20935.mp4 4 10 183
d6228.mp4 10 370
d21234.mp4 2 10 627
d12089.mp4 1 10 686
d16522.mp4 10 255
d12040.mp4 10 262
d8823.mp4 1 10 442
d24148_9.mp4 10 1384
d6479.mp4 1 10 471
27197.mp4 7 10 320
d84056.mp4 10 1010
d7366.mp4 2 10 326
d6679.mp4 2 10 330
d20693.mp4 8 10 299
d22989.mp4 10 316
d21192.mp4 2 10 370
d6303.mp4 10 439
d24141_9.mp4 10 1009
d24150_7.mp4 10 1382
d24143_1.mp4 10 1001
d21169.mp4 10 472
d20273.mp4 3 10 205
d6640.mp4 10 267
d24141_16.mp4 10 1001
d21994.mp4 10 475
d12226.mp4 10 1087
d22726.mp4 10 513
d6604.mp4 4 10 170
d20537.mp4 1 2 10 321
d6630.mp4 4 10 375
27521.mp4 3 10 400
d3162.mp4 2 3 10 513
27815.mp4 2 10 570
d15244.mp4 1 10 513
d20831.mp4 8 306
d22217.mp4 8 308
d18676.mp4 1 8 242
d3816.mp4 2 8 407
d20870.mp4 8 232
d10372.mp4 3 8 423
d17568.mp4 8 164
d17119.mp4 8 536
d4221.mp4 7 8 293
d20202.mp4 1 8 266
d20172.mp4 4 8 229
d18186.mp4 8 280
d21373.mp4 1 8 470
d20153.mp4 8 289
d23613.mp4 2 8 566
d11337.mp4 6 8 276
d19057.mp4 8 403
d433.mp4 6 8 2885
d15544.mp4 1 8 313
d261.mp4 8 1290
d4230.mp4 1 8 286
d11250.mp4 1 2 8 388
d20389.mp4 1 8 291
d23648.mp4 8 526
d20560.mp4 8 294
d18731.mp4 8 203
d18673.mp4 8 91
d22485.mp4 4 8 360
d7900.mp4 1 8 239
d20180.mp4 4 8 180
d20589.mp4 1 8 264
d6666.mp4 8 143
d12002.mp4 3 8 610
d7760.mp4 2 8 608
d22204.mp4 2 8 96
d17304.mp4 8 249
26133_3.mp4 2 8 1577
d20784.mp4 8 295
d20786.mp4 8 324
d15181.mp4 2 8 213
27730.mp4 6 8 521
d8997.mp4 1 8 350
d18829.mp4 8 321
d23776.mp4 1 8 724
d17428.mp4 8 269
d18324.mp4 1 8 250
d18034.mp4 1 8 590
26227_6.mp4 8 1421
d17991.mp4 1 8 346
d19237.mp4 1 8 128
d20242.mp4 8 194
d20777.mp4 1 8 410
d18797.mp4 1 2 8 118
27395.mp4 8 257
d20005.mp4 1 8 430
d11959.mp4 8 302
d11828.mp4 8 577
d20808.mp4 1 8 246
d16263.mp4 3 8 506
d20055.mp4 1 8 262
d20712.mp4 1 8 210
d20713.mp4 8 350
d5732.mp4 1 8 232
d20733.mp4 1 8 583
d15776.mp4 8 596
d20829.mp4 1 8 218
d20120.mp4 4 8 207
26835.mp4 3 8 999
25608.mp4 4 8 791
27717_2.mp4 8 1081
d84040.mp4 2 8 588
d22694.mp4 1 8 593
26767.mp4 8 363
d15657.mp4 2 3 8 281
d7077.mp4 2 8 565
d17598.mp4 8 336
d21367.mp4 1 8 558
d5602.mp4 3 8 194
d22484.mp4 4 8 337
d22299.mp4 8 472
d20391.mp4 1 8 293
d19113.mp4 1 8 331
d17934.mp4 8 186
d22120.mp4 8 172
d19188.mp4 1 8 269
d16401.mp4 8 521
d20259.mp4 8 434
d19076.mp4 1 8 283
d20670.mp4 8 339
d20166.mp4 8 239
d10490.mp4 8 344
d16510.mp4 1 8 460
d4243.mp4 8 305
26383_2.mp4 3 6 7 8 1001
25266.mp4 8 470
d17681.mp4 1 8 988
d16397.mp4 3 8 415
d20815.mp4 1 8 267
d22209.mp4 8 189
26684_4.mp4 8 1094
d6724.mp4 1 8 372
d6657.mp4 3 8 291
d8825.mp4 3 8 423
d260.mp4 8 1869
26082_1.mp4 2 3 8 1577
d19160.mp4 1 8 200
d19156.mp4 3 8 392
d15182.mp4 3 8 197
d11141.mp4 1 8 585
26292_1.mp4 2 3 6 8 1495
d11256.mp4 2 8 794
d18591.mp4 8 246
d17985.mp4 3 8 187
d22540.mp4 8 438
d6621.mp4 8 348
d20566.mp4 8 288
d18783.mp4 8 271
26727.mp4 8 637
d3638.mp4 8 226
d18373.mp4 8 205
d3197.mp4 8 579
25394.mp4 1 8 918
d15655.mp4 8 308
d17686.mp4 8 1139
d18926.mp4 8 131
26382_5.mp4 8 813
27728_1.mp4 1 8 1001
d22168.mp4 8 262
d7237.mp4 8 231
d22026.mp4 8 179
d453.mp4 8 3376
d21782.mp4 1 8 177
d7902.mp4 8 211
d17410.mp4 8 122
d18894.mp4 8 118
d19082.mp4 8 319
25612.mp4 7 8 1119
d22862.mp4 2 4 8 557
25238.mp4 1 8 556
d11118.mp4 3 8 219
d21215.mp4 8 285
d3106.mp4 8 129
d6617.mp4 8 317
d20830.mp4 8 256
d3652.mp4 1 8 110
d18943.mp4 1 8 272
d21370.mp4 8 377
d6707.mp4 1 2 8 348
27079.mp4 7 8 145
d20860.mp4 8 334
d15526.mp4 2 8 649
d5418.mp4 1 8 902
d5434.mp4 3 8 1066
d17016.mp4 1 8 105
d18637.mp4 1 8 565
d20823.mp4 8 250
27381.mp4 6 312
d21156.mp4 1 6 1474
d18152.mp4 3 6 329
d5648.mp4 6 151
d10430.mp4 6 418
27428.mp4 6 7 200
27792.mp4 6 2004
25486.mp4 6 732
d18812.mp4 6 123
d11162.mp4 3 6 288
d3007.mp4 1 6 330
d20839.mp4 1 2 6 240
d18161.mp4 2 6 506
d24170_8.mp4 6 1005
d11916.mp4 6 346
d22565.mp4 1 6 493
25453.mp4 2 6 3497
d23257.mp4 3 6 375
d20158.mp4 6 214
26650_4.mp4 6 1148
d18544.mp4 1 6 128
d18440.mp4 3 4 6 366
25356.mp4 6 204
d21159.mp4 1 6 1781
25334.mp4 6 616
d15350.mp4 6 7 209
27716_4.mp4 2 6 1080
26393_2.mp4 6 1033
26868.mp4 6 672
d22626.mp4 2 6 313
d11546.mp4 6 7 430
d22695.mp4 1 6 429
d17286.mp4 6 7 205
d15179.mp4 6 230
25088.mp4 6 587
d84101.mp4 1 2 3 6 911
d18011.mp4 6 343
d4808.mp4 1 6 511
d392.mp4 6 3001
d18752.mp4 3 6 534
25506.mp4 4 6 1409
d18543.mp4 1 6 170
25380.mp4 1 6 307
26408_2.mp4 2 6 1001
d21540.mp4 2 3 6 367
26101_3.mp4 6 1001
d11335.mp4 1 6 262
26380_3.mp4 2 6 901
25457.mp4 1 6 739
d21326.mp4 1 6 443
27157.mp4 1 6 171
d22604.mp4 1 6 389
25125.mp4 6 7 359
d5704.mp4 2 6 291
d18596.mp4 1 6 208
25027.mp4 6 620
d5999.mp4 2 6 691
d19060.mp4 1 6 550
d3215.mp4 2 6 391
d17157.mp4 1 3 6 191
27140.mp4 1 4 6 248
d20230.mp4 6 235
d20098.mp4 1 6 216
27865.mp4 4 6 417
d8693.mp4 6 286
d19220.mp4 1 6 264
d11334.mp4 3 6 361
26512_3.mp4 6 7 889
d20245.mp4 1 6 185
d16430.mp4 1 6 244
d4870.mp4 1 6 274
25126.mp4 6 158
d84107.mp4 2 6 1122
27159.mp4 1 6 393
26668_5.mp4 6 1126
d15424.mp4 2 6 315
d23404.mp4 2 6 346
25621.mp4 4 6 1197
26327_7.mp4 6 1476
27280.mp4 6 350
d22623.mp4 1 6 528
25442.mp4 1 2 6 972
d21626.mp4 2 6 695
d17244.mp4 1 6 139
27464.mp4 6 7 299
d17518.mp4 1 6 306
d6663.mp4 2 6 668
d15188.mp4 3 6 277
25360.mp4 2 6 501
d4223.mp4 2 3 6 503
26668_6.mp4 6 794
d18450.mp4 1 6 338
26172_1.mp4 2 6 1479
d22374.mp4 6 300
d20413.mp4 2 6 248
d18201.mp4 2 6 747
d20956.mp4 6 297
d16595.mp4 6 877
d7218.mp4 1 6 509
26445_3.mp4 1 6 1026
d20696.mp4 2 6 326
d10644.mp4 1 6 231
26389_1.mp4 1 6 1077
d20912.mp4 2 6 589
d419.mp4 6 522
d12021.mp4 1 3 6 523
d12160.mp4 6 7 211
d17458.mp4 3 6 240
d22356.mp4 2 6 343
d22323.mp4 1 6 189
d18282.mp4 6 126
25333.mp4 6 429
25448.mp4 2 3 6 1821
d417.mp4 6 544
d17138.mp4 2 6 139
d18470.mp4 1 6 7 328
d8930.mp4 1 6 348
d17248.mp4 1 2 6 183
d6313.mp4 6 742
26112_2.mp4 6 7 1701
d6683.mp4 6 137
26639_3.mp4 1 6 7 1078
d397.mp4 6 2112
26516_3.mp4 6 1201
26674_2.mp4 6 1151
26249_5.mp4 6 1350
25488.mp4 6 350
d23674.mp4 4 6 564
26554_5.mp4 3 6 1376
d5300.mp4 6 312
27724.mp4 1 6 320
26453_4.mp4 6 1182
d84051.mp4 6 560
d7172.mp4 1 6 230
26103_2.mp4 6 1251
d17051.mp4 4 6 159
27227.mp4 6 7 290
d15559.mp4 2 6 657
d17245.mp4 1 3 6 173
d20394.mp4 6 356
26264_3.mp4 6 1241
d18469.mp4 1 6 262
d7609.mp4 1 6 272
d18761.mp4 1 6 227
d8827.mp4 2 6 379
d17012.mp4 2 6 179
25187.mp4 1 6 303
26676_6.mp4 6 783
d461.mp4 3 6 2865
26237_2.mp4 6 949
27717_3.mp4 6 1079
d18014.mp4 2 6 286
27682_2.mp4 6 776
26421_4.mp4 3 6 840
25345.mp4 6 771
d17643.mp4 2 6 433
d10081.mp4 6 7 727
d4835.mp4 1 6 524
d23412.mp4 6 7 474
27415.mp4 1 6 103
d256.mp4 6 2501
26327_6.mp4 6 1551
25076.mp4 6 1032
d20674.mp4 6 537
d3332.mp4 6 354
25037.mp4 1 6 539
25551.mp4 2 6 1964
d19140.mp4 1 6 227
25003.mp4 6 372
d19139.mp4 6 215
d24169_1.mp4 1 6 1001
d16234.mp4 2 6 448
d11149.mp4 2 3 6 331
26405_1.mp4 3 6 876
27483.mp4 6 7 560
d21252.mp4 6 279
d19134.mp4 6 257
27024.mp4 6 7 373
26370_1.mp4 6 1001
d18650.mp4 6 7 177
26106_1.mp4 6 1401
d11168.mp4 3 6 273
25332.mp4 1 6 303
27508.mp4 6 183
d3337.mp4 3 6 377
d22017.mp4 2 6 7 504
d20338.mp4 6 755
d9204.mp4 6 268
d20335.mp4 6 392
27684_3.mp4 6 1132
26487_2.mp4 6 870
d21556.mp4 2 6 682
d11674.mp4 1 4 6 385
d22257.mp4 2 6 393
d21288.mp4 3 6 325
d21910.mp4 6 360
d418.mp4 6 2505
25570.mp4 6 7 1119
d255_1.mp4 6 2501
d20743.mp4 6 587
27005.mp4 1 6 453
d21552.mp4 1 2 6 660
d4918.mp4 2 6 844
27363.mp4 6 755
25484.mp4 3 6 821
d20818.mp4 6 613
d10619.mp4 6 336
25357.mp4 6 180
d19214.mp4 1 6 7 323
d4861.mp4 1 6 271
d17923.mp4 3 6 113
d20035.mp4 3 6 283
25303.mp4 6 508
d4608.mp4 2 6 260
d18115.mp4 6 148
d17785.mp4 3 6 850
26591_3.mp4 7 1098
26612_3.mp4 7 1396
d18338.mp4 1 7 175
d10656.mp4 1 7 258
26698.mp4 7 1264
26400_1.mp4 2 7 1177
25444.mp4 7 1018
d23440.mp4 2 4 7 339
d19174.mp4 1 7 335
26513_5.mp4 7 1126
27077.mp4 7 550
27373.mp4 7 409
d21679.mp4 7 360
d5341.mp4 1 7 910
d7993.mp4 2 7 244
d22023.mp4 7 466
d22013.mp4 7 491
27402.mp4 3 7 230
27070.mp4 1 7 255
25311.mp4 7 600
d23119.mp4 7 499
26936.mp4 3 7 143
26513_1.mp4 7 1126
d16330.mp4 7 162
d7289.mp4 4 7 461
27205.mp4 7 230
d21608.mp4 7 277
d23130.mp4 7 342
d19014.mp4 2 7 467
d23581.mp4 7 399
d21892.mp4 1 7 210
25161.mp4 3 7 261
d6709.mp4 7 263
27048.mp4 1 7 310
d11733.mp4 7 741
d17439.mp4 7 457
27132.mp4 3 7 335
27798.mp4 7 524
d21131.mp4 1 7 526
d23905_6.mp4 7 457
d10974.mp4 2 7 272
26548_5.mp4 7 1376
d21887.mp4 1 7 450
d5898.mp4 4 7 542
d21754.mp4 7 115
d17922.mp4 1 7 586
26640_1.mp4 7 1193
d5525.mp4 1 7 777
d9253.mp4 7 461
25388.mp4 1 7 300
27376.mp4 1 2 7 206
d7107.mp4 3 7 355
d20742.mp4 7 379
27071.mp4 7 483
26771.mp4 7 3268
26967.mp4 2 3 7 343
26599_2.mp4 1 7 1612
d23388.mp4 1 7 379
26589_3.mp4 7 1253
25292.mp4 1 7 1256
27559.mp4 1 7 538
d22020.mp4 4 7 567
d18569.mp4 2 7 183
d22057.mp4 7 356
27056.mp4 7 61
27237.mp4 1 7 507
d21695.mp4 1 7 444
d19104.mp4 1 7 166
25307.mp4 2 7 742
26267_2.mp4 1 7 1106
d7753.mp4 2 7 535
d18436.mp4 2 7 587
27326.mp4 7 87
d10620.mp4 2 7 367
27495.mp4 2 7 372
25294.mp4 1 7 862
27576.mp4 7 365
d7031.mp4 1 7 380
26600_2.mp4 7 1152
26112_1.mp4 7 1476
d7120.mp4 1 7 450
d21683.mp4 2 7 842
d23903_18.mp4 2 7 1153
27349.mp4 4 7 371
25153.mp4 3 7 642
d18001.mp4 1 7 141
27498.mp4 2 7 357
26523_3.mp4 7 1126
d10977.mp4 2 7 149
d21999.mp4 7 562
27034.mp4 3 7 140
25576.mp4 4 7 759
d17708.mp4 4 7 450
d7112.mp4 7 378
27747.mp4 7 220
d23933_4.mp4 7 1443
d23692.mp4 7 600
26523_4.mp4 2 7 1251
d7976.mp4 1 7 350
d18992.mp4 1 7 115
d10324.mp4 2 7 284
d17399.mp4 1 7 283
26358_5.mp4 1 7 1126
d23345.mp4 7 356
27087.mp4 4 7 293
26117_3.mp4 7 1201
26590_1.mp4 2 7 1319
d4298.mp4 1 7 573
27767.mp4 7 491
d20231.mp4 4 7 280
25575.mp4 7 1377
27127.mp4 4 7 743
27720_1.mp4 7 1001
d11721.mp4 3 7 335
d8860.mp4 3 7 329
27016.mp4 7 58
27029.mp4 2 7 171
d20707.mp4 1 7 300
d84046.mp4 1 4 7 390
d10666.mp4 1 7 283
27144.mp4 7 600
27011.mp4 1 7 143
27347.mp4 2 7 387
d18882.mp4 1 7 146
d18444.mp4 7 673
d22087.mp4 7 323
d9457.mp4 3 7 134
25316.mp4 7 457
d21690.mp4 7 492
d22021.mp4 7 333
27494.mp4 2 7 286
d18909.mp4 1 7 246
27199.mp4 7 220
25269.mp4 7 169
d4865.mp4 7 340
26239_2.mp4 7 1011
d22178.mp4 7 387
25404.mp4 3 7 311
d20812.mp4 1 7 319
d7110.mp4 7 512
d18349.mp4 7 389
26617_4.mp4 2 7 1380
27223.mp4 4 7 379
d19144.mp4 7 572
d23705.mp4 3 7 476
27712_4.mp4 7 688
26427_2.mp4 7 1001
d11260.mp4 7 222
26670_4.mp4 7 1080
d12003.mp4 3 7 509
d7746.mp4 2 7 592
d21788.mp4 1 7 557
d21688.mp4 7 442
27083.mp4 4 7 280
25410.mp4 7 709
d23937_3.mp4 7 1098
27624.mp4 7 504
25074.mp4 7 465
d11762.mp4 1 7 320
25449.mp4 2 3 7 2806
26609_1.mp4 7 1222
d20688.mp4 1 7 365
25397.mp4 7 888
26697.mp4 4 7 491
26360_3.mp4 7 992
d18093.mp4 7 116
d7190.mp4 7 262
d7725.mp4 2 7 340
26585_3.mp4 7 1336
25370.mp4 7 924
d15593.mp4 7 334
27130.mp4 7 1030
27721_1.mp4 1 7 1051
d20554.mp4 1 7 275
26622_1.mp4 7 1275
26529_1.mp4 7 876
d84047.mp4 1 7 496
25131.mp4 7 545
d21125.mp4 1 7 335
d23200.mp4 7 215
d22046.mp4 7 293
26525_4.mp4 7 1251
27346.mp4 2 7 521
27006.mp4 7 150
25258.mp4 4 7 774
27727_2.mp4 1 7 759
d21686.mp4 1 2 7 1004
25369.mp4 7 670
27425.mp4 1 7 213
d17213.mp4 7 264
d4287.mp4 7 314
25265.mp4 4 7 294
d3866.mp4 3 4 7 373
26607_2.mp4 7 1028
d7185.mp4 7 213
27032.mp4 7 176
26528_4.mp4 7 1166
d21684.mp4 7 380
d21674.mp4 2 7 292
26519_2.mp4 7 1001
d16472.mp4 1 7 173
d18149.mp4 1 3 7 105
d15853.mp4 1 7 322
d7537.mp4 7 397
d21696.mp4 3 7 612
25475.mp4 7 1457
d17171.mp4 1 4 419
27586.mp4 4 172
d22415.mp4 4 363
d12149.mp4 4 293
d7562.mp4 3 4 397
d20121.mp4 4 344
27847.mp4 1 4 624
d16299.mp4 4 211
d9180.mp4 4 304
27523.mp4 1 4 268
d8707.mp4 4 248
d6605.mp4 4 356
d15560.mp4 1 4 597
d4875.mp4 4 729
d23675.mp4 2 4 231
d6262.mp4 4 242
d17019.mp4 4 165
d15165.mp4 4 98
d20021.mp4 4 258
d12041.mp4 3 4 344
d15468.mp4 4 268
d4785.mp4 2 4 249
d23105.mp4 4 748
d20907.mp4 1 4 191
d6014.mp4 4 526
d23569.mp4 2 4 559
25079.mp4 1 4 670
d5677.mp4 4 379
d84060.mp4 4 228
d9385.mp4 3 4 358
d24206_2.mp4 4 3509
d8800.mp4 1 4 306
d4253.mp4 1 2 4 376
27317.mp4 4 244
d4205.mp4 4 416
d22317.mp4 2 4 469
d22297.mp4 4 350
d16074.mp4 1 3 4 318
d4671.mp4 2 4 633
26312_1.mp4 2 4 1126
d5079.mp4 2 4 342
d22594.mp4 4 492
d11523.mp4 4 499
d5840.mp4 3 4 241
d9316.mp4 4 195
d15519.mp4 1 4 308
d9149.mp4 4 265
d23570.mp4 2 4 663
d17027.mp4 1 4 97
d221.mp4 4 3001
d6608.mp4 2 4 250
d7199.mp4 2 4 259
d3346.mp4 2 4 488
d6716.mp4 2 4 278
26551_1.mp4 2 4 1201
d9147.mp4 4 247
26522_2.mp4 4 1251
d3520.mp4 2 4 388
d5721.mp4 4 182
d4775.mp4 2 4 493
d21991.mp4 4 719
d7150.mp4 1 4 371
d22572.mp4 4 481
d7044.mp4 3 4 401
d5713.mp4 4 146
27485.mp4 4 350
d16303.mp4 1 4 203
27262.mp4 1 4 121
d6043.mp4 3 4 364
d22254.mp4 3 4 509
d9090.mp4 4 388
d3043.mp4 1 4 327
d10281.mp4 1 4 341
26122_3.mp4 4 1126
d17659.mp4 2 3 4 834
d5853.mp4 4 335
d6664.mp4 2 4 307
d9400.mp4 1 4 559
d4227.mp4 1 4 693
d8650.mp4 4 375
d23001.mp4 1 4 271
d10142.mp4 3 4 193
d21165.mp4 1 4 517
d6205.mp4 4 463
d23547.mp4 3 4 1168
26928.mp4 1 4 174
d8869.mp4 1 4 285
d8612.mp4 1 3 4 337
d6119.mp4 4 249
d20038.mp4 1 4 242
d8979.mp4 1 4 706
d5980.mp4 4 318
d8776.mp4 4 340
d3169.mp4 1 4 319
26969.mp4 2 4 394
d21510.mp4 1 2 3 4 270
d23267.mp4 2 4 404
d3522.mp4 2 4 381
d5990.mp4 4 571
d21501.mp4 1 4 590
d15442.mp4 4 347
d6002.mp4 1 4 682
d84094.mp4 1 4 479
d5354.mp4 4 531
d6524.mp4 4 334
d20598.mp4 2 3 4 311
d7139.mp4 1 4 373
d7894.mp4 2 4 250
26488_1.mp4 2 4 1276
27640_3.mp4 4 915
d5727.mp4 1 4 519
d4780.mp4 4 280
d20118.mp4 4 371
d6407.mp4 2 4 540
d4315.mp4 1 4 331
26121_9.mp4 4 1217
d20092.mp4 4 350
d9024.mp4 4 486
d8858.mp4 1 4 350
d5636.mp4 4 342
26935.mp4 1 4 441
d8929.mp4 4 541
d6027.mp4 1 4 471
d21103.mp4 4 167
d5842.mp4 2 4 324
d22058.mp4 4 341
d23602.mp4 4 464
d22421.mp4 1 4 311
d5996.mp4 4 327
d9128.mp4 2 4 422
26122_1.mp4 1 4 1126
d21704.mp4 4 430
d8710.mp4 4 240
d8813.mp4 1 4 379
d20624.mp4 4 301
26123_2.mp4 1 4 1501
d22425.mp4 4 217
d16198.mp4 3 4 662
d17266.mp4 1 4 469
d23021.mp4 1 4 831
d84088.mp4 1 4 899
d84045.mp4 4 508
26521_4.mp4 4 1455
d21194.mp4 4 779
d6755.mp4 3 4 186
d7623.mp4 3 4 508
d5633.mp4 2 4 311
25500.mp4 4 793
d15834.mp4 4 405
d16196.mp4 3 4 409
d23956_6.mp4 4 1059
d22464.mp4 4 190
d9394.mp4 4 310
d11910.mp4 2 4 459
d23673.mp4 4 368
d23455.mp4 4 385
d22543.mp4 4 800
d5796.mp4 4 545
d12043.mp4 3 4 436
27819.mp4 4 669
d8804.mp4 1 4 581
d4495.mp4 2 4 212
d6369.mp4 4 310
d9088.mp4 4 327
27219.mp4 4 172
d3673.mp4 2 4 246
d8709.mp4 1 4 297
d22292.mp4 4 407
26521_2.mp4 4 1351
d9125.mp4 4 281
d4430.mp4 2 4 420
d4423.mp4 4 497
d22318.mp4 4 401
d22289.mp4 2 4 384
d6084.mp4 1 4 416
d6765.mp4 4 238
d4508.mp4 4 287
d23038.mp4 4 271
d20951.mp4 3 4 157
d22426.mp4 4 595
27275.mp4 4 150
d22590.mp4 4 480
27278.mp4 4 305
d9047.mp4 2 4 336
d6763.mp4 4 288
d5644.mp4 4 631
d5450.mp4 4 708
d9130.mp4 3 4 339
27257.mp4 4 179
d20215.mp4 4 327
d22465.mp4 4 187
d23901_4.mp4 4 1053
d6507.mp4 4 312
d23269.mp4 2 3 4 756
d8603.mp4 4 178
d3524.mp4 2 4 510
d22445.mp4 4 584
d16294.mp4 3 4 300
d23082.mp4 1 4 427
d7322.mp4 1 4 359
d7292.mp4 4 413
d17195.mp4 2 4 163
27268.mp4 1 4 86
d6675.mp4 4 350
d8940.mp4 3 4 323
d23193.mp4 4 233
d23448.mp4 1 4 611
d7293.mp4 1 4 414
d6425.mp4 4 360
d17153.mp4 1 4 538
27265.mp4 4 119
d10903.mp4 3 4 232
d23545.mp4 4 1276
d17299.mp4 2 4 398
d23527.mp4 4 587
d9198.mp4 4 331
d9368.mp4 1 4 703
27263.mp4 4 174
d20595.mp4 4 281
d18723.mp4 4 326
d4570.mp4 2 4 565
d7406.mp4 1 4 214
d10143.mp4 1 4 210
d15547.mp4 4 267
d4756.mp4 3 4 209
25565.mp4 4 401
26346_3.mp4 4 1126
d17700.mp4 4 386
d9294.mp4 4 203
d22549.mp4 4 428
d24222_8.mp4 1 4 2651
d16340.mp4 4 150
d20041.mp4 2 4 224
d22315.mp4 4 537
d20386.mp4 1 4 217
d5649.mp4 4 261
26519_4.mp4 4 1013
d15712.mp4 3 4 435
27274.mp4 4 197
27676_3.mp4 3 1181
d22898.mp4 2 3 529
d16381.mp4 3 272
d7137.mp4 2 3 362
d18215.mp4 3 307
d15190.mp4 3 181
d7582.mp4 2 3 589
d3402.mp4 3 1095
d5627.mp4 3 139
d18111.mp4 3 230
d22911.mp4 3 256
d8602.mp4 2 3 150
d5567.mp4 3 761
d6473.mp4 3 391
d21348.mp4 2 3 539
d7034.mp4 1 3 325
d17421.mp4 3 121
d15005.mp4 3 94
d22837.mp4 3 446
d23467.mp4 2 3 261
d16211.mp4 3 290
d3059.mp4 1 2 3 1027
d17009.mp4 3 92
d15989.mp4 2 3 240
d5051.mp4 2 3 606
d15897.mp4 3 394
d6323.mp4 3 591
d5064.mp4 1 3 328
d23565.mp4 3 466
d23226.mp4 3 469
d6795.mp4 3 479
d4767.mp4 1 3 357
d4980.mp4 3 320
d16829.mp4 1 3 390
d22848.mp4 3 605
d3201.mp4 3 345
d3660.mp4 2 3 551
d5106.mp4 3 229
d8814.mp4 3 324
d23019.mp4 3 334
d6413.mp4 1 3 152
d5177.mp4 1 3 868
d4539.mp4 2 3 497
d16576.mp4 3 1663
d5711.mp4 3 156
d5946.mp4 2 3 389
d3140.mp4 2 3 710
d3893.mp4 1 3 253
d23792.mp4 3 568
d16395.mp4 3 195
d8923.mp4 3 345
d8778.mp4 3 280
d23355.mp4 3 324
d23423.mp4 2 3 234
d23238.mp4 3 230
d5066.mp4 1 3 326
d4355.mp4 2 3 379
d23724.mp4 3 385
d15392.mp4 3 170
d15791.mp4 3 336
d265.mp4 3 2257
d6485.mp4 3 215
d7393.mp4 1 2 3 637
d17809.mp4 1 3 556
d17046.mp4 3 153
d10482.mp4 3 397
d84014.mp4 2 3 423
d6240.mp4 3 271
d7649.mp4 2 3 434
25004.mp4 1 3 816
d16948.mp4 2 3 1390
d20431.mp4 3 272
d8657.mp4 3 260
d22635.mp4 3 659
d16172.mp4 1 3 400
d3886.mp4 2 3 360
d16146.mp4 3 474
d23072.mp4 2 3 208
d23562.mp4 2 3 685
d15378.mp4 1 3 250
d23357.mp4 3 356
d10123.mp4 3 243
d24221_8.mp4 3 2328
d10416.mp4 3 418
d18283.mp4 3 143
d6088.mp4 3 274
26327_14.mp4 3 1451
d7964.mp4 3 153
d15932.mp4 2 3 222
d16178.mp4 2 3 330
d10141.mp4 3 239
27699.mp4 1 3 677
d18547.mp4 3 140
d15533.mp4 3 479
26118_3.mp4 3 876
d15158.mp4 3 238
d5733.mp4 1 3 440
d23201.mp4 2 3 314
d10366.mp4 2 3 463
d15177.mp4 3 242
d23629.mp4 3 536
d24160_15.mp4 3 1009
d17296.mp4 3 476
d4399.mp4 2 3 436
d7129.mp4 3 350
d10042.mp4 3 374
d6345.mp4 3 287
d22347.mp4 2 3 390
d4773.mp4 3 172
d19080.mp4 3 291
d23036.mp4 3 288
d15896.mp4 3 196
d23604.mp4 3 478
d6406.mp4 3 296
d4953.mp4 3 187
d15299.mp4 1 3 348
d23640.mp4 3 557
d22888.mp4 3 206
d3159.mp4 2 3 442
d17400.mp4 3 262
d5477.mp4 2 3 718
d23421.mp4 3 403
d7713.mp4 3 341
d17108.mp4 2 3 682
d18267.mp4 3 315
d22814.mp4 3 870
d6624.mp4 3 255
d23023.mp4 3 428
d18192.mp4 2 3 459
d17081.mp4 2 3 158
d15553.mp4 3 695
d21262.mp4 3 288
d16820.mp4 3 276
d7328.mp4 3 309
d7689.mp4 2 3 250
d15169.mp4 3 168
d16300.mp4 3 447
d4267.mp4 3 339
d19178.mp4 3 230
d17137.mp4 3 296
d17204.mp4 2 3 147
d23060.mp4 3 701
d16041.mp4 2 3 690
d18433.mp4 3 219
d20630.mp4 2 3 422
d5255.mp4 3 569
26447_4.mp4 3 1116
27672_6.mp4 3 1129
26256_2.mp4 3 1225
d22532.mp4 3 535
d3583.mp4 2 3 485
d9306.mp4 2 3 305
d23106.mp4 3 633
d6603.mp4 3 372
d7909.mp4 3 328
d5709.mp4 3 260
d23420.mp4 2 3 288
d6509.mp4 1 3 245
d21384.mp4 3 338
d18147.mp4 2 3 358
26307.mp4 2 3 662
d15735.mp4 2 3 314
d7225.mp4 3 228
d16563.mp4 3 617
d18442.mp4 3 604
d5380.mp4 3 515
d3096.mp4 2 3 394
d23035.mp4 3 459
d8611.mp4 3 327
d5861.mp4 2 3 258
d7636.mp4 2 3 264
d5778.mp4 3 414
d17467.mp4 2 3 130
d16298.mp4 1 3 376
d22373.mp4 3 518
d6758.mp4 2 3 188
d15073.mp4 2 3 465
d16143.mp4 3 187
d7732.mp4 3 360
d18297.mp4 3 168
d17032.mp4 3 175
d15084.mp4 3 238
d21793.mp4 2 3 267
d16201.mp4 1 3 313
d21212.mp4 3 360
d21628.mp4 2 3 317
d15114.mp4 3 238
d19182.mp4 3 313
d6338.mp4 1 3 189
d16422.mp4 3 396
d5097.mp4 1 3 437
d7413.mp4 3 273
d17073.mp4 3 198
d3070.mp4 2 3 460
d18325.mp4 3 408
d7203.mp4 3 294
d5553.mp4 2 3 391
d8636.mp4 3 220
d6786.mp4 3 774
d7352.mp4 3 234
d6719.mp4 3 232
d8601.mp4 3 140
d5076.mp4 3 270
26409_1.mp4 3 1001
d20204.mp4 3 237
d17006.mp4 3 67
d20552.mp4 3 265
d19003.mp4 3 265
d7637.mp4 2 3 353
d10105.mp4 3 450
d23356.mp4 3 313
d3742.mp4 2 3 272
d22816.mp4 2 3 539
d8666.mp4 3 179
d20286.mp4 3 272
d15933.mp4 2 3 299
d15996.mp4 3 263
d6693.mp4 3 104
d17239.mp4 2 3 392
d7710.mp4 3 147
d23524.mp4 3 199
d4222.mp4 3 384
d7687.mp4 2 3 200
d16204.mp4 2 3 217
26522_4.mp4 3 1262
d7528.mp4 3 448
d23652.mp4 3 659
d4802.mp4 3 439
d84133.mp4 3 1278
d23095.mp4 3 411
d15372.mp4 3 200
d15293.mp4 2 3 503
d17564.mp4 3 255
d6310.mp4 3 616
d4632.mp4 2 3 361
d15384.mp4 3 246
d15003.mp4 3 145
d5080.mp4 2 3 550
d84030.mp4 3 313
d22482.mp4 1 3 322
d5369.mp4 3 391
d5396.mp4 3 559
d18156.mp4 3 491
d15753.mp4 3 409
d17404.mp4 3 176
d17183.mp4 3 362
d10003.mp4 3 278
27782_1.mp4 1 2 1126
d20942.mp4 2 163
26500_2.mp4 2 1151
26600_1.mp4 1 2 1077
d20337.mp4 1 2 566
d3946.mp4 1 2 499
d22704.mp4 2 585
d4798.mp4 1 2 308
d15920.mp4 1 2 361
d3294.mp4 2 406
d4354.mp4 1 2 758
d21391.mp4 2 284
d15308.mp4 1 2 393
d19195.mp4 2 293
d5067.mp4 2 237
d4678.mp4 2 640
d4436.mp4 1 2 420
d5566.mp4 1 2 405
d21431.mp4 2 323
d22884.mp4 2 543
d5291.mp4 2 404
d435.mp4 1 2 2623
d3540.mp4 2 278
d23991_3.mp4 2 1623
26081_1.mp4 2 1626
d3360.mp4 1 2 384
d5834.mp4 2 234
d22681.mp4 1 2 826
d22772.mp4 2 379
d17965.mp4 2 291
d3227.mp4 1 2 1083
d4521.mp4 2 429
d5267.mp4 1 2 412
d4635.mp4 2 268
d5871.mp4 2 4182
d22350.mp4 1 2 325
d4313.mp4 2 451
d15343.mp4 1 2 421
d17015.mp4 2 220
d22390.mp4 1 2 313
d22366.mp4 2 386
d21805.mp4 2 332
d4314.mp4 1 2 739
d15433.mp4 2 152
d6428.mp4 2 583
26498_3.mp4 2 1077
d23228.mp4 1 2 475
d4636.mp4 2 341
d17606.mp4 1 2 132
d23490.mp4 2 371
d6290.mp4 2 345
27799.mp4 1 2 527
d4574.mp4 2 239
d3879.mp4 1 2 552
d4654.mp4 1 2 876
d15421.mp4 2 140
d3145.mp4 2 360
d4434.mp4 2 342
d22742.mp4 1 2 426
d15822.mp4 1 2 596
d23464.mp4 1 2 444
d5225.mp4 1 2 370
d23132.mp4 2 433
d8752.mp4 1 2 411
d5949.mp4 1 2 323
d4911.mp4 1 2 550
d15795.mp4 1 2 677
d16223.mp4 1 2 224
d15501.mp4 2 194
d5962.mp4 1 2 452
d15582.mp4 1 2 345
d4324.mp4 1 2 514
d3347.mp4 1 2 541
d23633.mp4 2 574
d21665.mp4 1 2 598
d4408.mp4 1 2 422
d3815.mp4 1 2 632
d3589.mp4 1 2 748
d3610.mp4 2 424
d19112.mp4 1 2 538
26212_2.mp4 1 2 1687
d15539.mp4 2 365
d22324.mp4 1 2 350
d5486.mp4 1 2 664
d22334.mp4 1 2 271
d7360.mp4 1 2 196
27626_1.mp4 2 1026
d5547.mp4 1 2 477
d4768.mp4 1 2 303
d18369.mp4 2 312
d16142.mp4 1 2 214
d21676.mp4 1 2 392
d7418.mp4 1 2 176
26289.mp4 1 2 738
d4675.mp4 1 2 391
d4340.mp4 1 2 480
d3941.mp4 1 2 1074
d17464.mp4 1 2 458
d19173.mp4 1 2 309
d16242.mp4 1 2 415
d4381.mp4 1 2 399
d23436.mp4 1 2 233
d15412.mp4 2 147
d4602.mp4 1 2 596
d22875.mp4 1 2 366
d18766.mp4 1 2 339
d21624.mp4 1 2 542
d5283.mp4 1 2 516
d3944.mp4 1 2 218
27672_2.mp4 2 1130
d4601.mp4 2 601
d22720.mp4 2 328
d3594.mp4 1 2 607
d15278.mp4 1 2 664
d3508.mp4 1 2 576
d4824.mp4 1 2 400
d4441.mp4 2 406
d15665.mp4 1 2 144
d3676.mp4 1 2 400
d4739.mp4 1 2 622
d15591.mp4 1 2 314
d22680.mp4 1 2 685
d22999.mp4 1 2 284
d18365.mp4 2 189
d16238.mp4 1 2 336
d22382.mp4 1 2 317
d15259.mp4 1 2 268
d21211.mp4 2 405
d22301.mp4 1 2 567
d4906.mp4 2 529
d23416.mp4 1 2 377
d4686.mp4 1 2 409
d15570.mp4 1 2 578
d22504.mp4 1 2 727
d17367.mp4 1 2 658
d6460.mp4 2 422
d23007.mp4 1 2 219
d4517.mp4 1 2 611
d15535.mp4 1 2 329
d4530.mp4 2 668
d4418.mp4 1 2 195
d15358.mp4 1 2 604
d3102.mp4 2 349
d4451.mp4 1 2 389
d20939.mp4 1 2 292
d16952.mp4 1 2 400
25342.mp4 1 2 1099
d4076.mp4 1 2 510
d23758.mp4 2 412
d3342.mp4 1 2 516
d5280.mp4 2 490
d3868.mp4 1 2 359
d3129.mp4 1 2 819
d23338.mp4 2 410
d5232.mp4 1 2 367
d5483.mp4 1 2 1899
d7807.mp4 2 301
d15499.mp4 1 2 280
d3882.mp4 1 2 584
d16109.mp4 1 2 372
d5906.mp4 2 741
d4211.mp4 1 2 552
d23424.mp4 1 2 744
d8695.mp4 2 234
d4037.mp4 1 2 217
d15436.mp4 2 81
d4513.mp4 1 2 471
d23766.mp4 1 2 286
d15404.mp4 1 2 410
d3503.mp4 1 2 333
d15839.mp4 1 2 830
d22878.mp4 1 2 433
d22351.mp4 1 2 560
d15835.mp4 1 2 337
d4218.mp4 1 2 334
d4548.mp4 2 604
d3587.mp4 2 697
d3506.mp4 1 2 495
d3903.mp4 1 2 262
26544_4.mp4 2 1551
d15300.mp4 1 2 417
d3066.mp4 1 2 1119
d15224.mp4 2 599
d4492.mp4 1 2 201
d15383.mp4 1 2 232
d4131.mp4 1 2 603
d5062.mp4 2 244
d4111.mp4 1 2 598
d15848.mp4 1 2 221
d3217.mp4 2 804
d5000.mp4 1 2 297
d3045.mp4 2 540
d3883.mp4 1 2 310
d4048.mp4 1 2 532
d15401.mp4 1 2 556
d6020.mp4 2 408
d20444.mp4 1 2 275
d4580.mp4 2 182
d16844.mp4 1 2 741
d4600.mp4 2 595
d3280.mp4 1 2 635
26529_4.mp4 2 951
d23809.mp4 2 472
d23450.mp4 1 2 468
d15662.mp4 1 2 348
d23432.mp4 1 2 296
d22717.mp4 2 391
d3171.mp4 1 2 383
d4127.mp4 2 320
d6007.mp4 2 424
d7546.mp4 2 359
d23991_1.mp4 1 2 1443
d22340.mp4 1 2 259
d15075.mp4 2 127
d3555.mp4 1 2 763
d23385.mp4 1 2 414
d5361.mp4 2 607
d4484.mp4 2 365
d5948.mp4 2 260
d15819.mp4 1 2 327
26421_3.mp4 2 1026
d23918_10.mp4 2 1053
d4342.mp4 1 2 485
d15540.mp4 1 2 315
d22488.mp4 1 2 715
d4940.mp4 1 2 344
d22308.mp4 2 318
d21868.mp4 2 774
d4604.mp4 2 332
d23337.mp4 2 244
d4460.mp4 2 402
d5870.mp4 2 2327
d23302.mp4 1 2 454
d4498.mp4 2 189
d6382.mp4 2 427
d7207.mp4 1 2 168
d21514.mp4 1 2 485
d20584.mp4 1 2 223
d23158.mp4 2 397
d6091.mp4 1 2 230
d4748.mp4 1 2 343
d16815.mp4 1 2 549
d4641.mp4 2 311
d3726.mp4 1 2 500
26497_1.mp4 2 951
d23451.mp4 1 2 278
d6150.mp4 2 734
d15057.mp4 1 2 478
d3173.mp4 2 268
d84111.mp4 2 897
d17913.mp4 2 359
d23623.mp4 2 252
d6443.mp4 2 330
d16293.mp4 1 2 226
d15623.mp4 1 2 402
26115_3.mp4 2 1726
d4585.mp4 2 234
d16007.mp4 1 298
d4626.mp4 1 545
d5148.mp4 1 254
d15366.mp4 1 307
d18288.mp4 1 228
d4898.mp4 1 484
d15596.mp4 1 172
d16199.mp4 1 570
d5071.mp4 1 302
d15973.mp4 1 194
d6006.mp4 1 289
d15826.mp4 1 420
d23777.mp4 1 357
d23566.mp4 1 361
d4998.mp4 1 277
d6467.mp4 1 288
d5170.mp4 1 318
d6336.mp4 1 444
d5188.mp4 1 361
26257_2.mp4 1 885
d15818.mp4 1 194
d15787.mp4 1 537
d22821.mp4 1 692
d23242.mp4 1 281
d15887.mp4 1 215
26194_2.mp4 1 1101
d15514.mp4 1 346
d22834.mp4 1 1198
d5565.mp4 1 388
26553_3.mp4 1 1126
d4534.mp4 1 247
d15470.mp4 1 161
d22682.mp4 1 564
d5266.mp4 1 376
d4795.mp4 1 293
d3380.mp4 1 443
d5482.mp4 1 656
d6105.mp4 1 340
d18118.mp4 1 150
d22523.mp4 1 524
d3473.mp4 1 259
d15105.mp4 1 491
d23955_3.mp4 1 786
d15104.mp4 1 279
d18842.mp4 1 373
d15076.mp4 1 197
d6514.mp4 1 210
d15780.mp4 1 344
d5808.mp4 1 516
d15397.mp4 1 242
d5273.mp4 1 634
d8785.mp4 1 329
d4454.mp4 1 265
d5190.mp4 1 294
d15779.mp4 1 652
d22732.mp4 1 322
d3249.mp4 1 583
d15522.mp4 1 460
d4312.mp4 1 300
26088_3.mp4 1 1151
d23353.mp4 1 285
d5198.mp4 1 389
d5367.mp4 1 597
d5338.mp4 1 1205
d23189.mp4 1 250
d23795.mp4 1 514
d23428.mp4 1 956
d17515.mp4 1 120
d22412.mp4 1 284
d3491.mp4 1 355
26912.mp4 1 496
d16113.mp4 1 298
d5065.mp4 1 625
d23941_5.mp4 1 1617
d5460.mp4 1 500
d4370.mp4 1 265
d5427.mp4 1 490
d5863.mp4 1 332
d6248.mp4 1 449
d15912.mp4 1 524
d22357.mp4 1 275
d5271.mp4 1 367
d5213.mp4 1 802
d19100.mp4 1 604
d18276.mp4 1 367
d22693.mp4 1 437
d15387.mp4 1 237
d5058.mp4 1 290
d15708.mp4 1 586
d5530.mp4 1 243
d15407.mp4 1 150
d4300.mp4 1 613
d5373.mp4 1 843
26216_4.mp4 1 1513
d15273.mp4 1 328
d6129.mp4 1 131
d4751.mp4 1 410
d4862.mp4 1 801
d5428.mp4 1 645
d16127.mp4 1 730
d4348.mp4 1 399
d15597.mp4 1 680
d4985.mp4 1 231
d15494.mp4 1 546
d5072.mp4 1 400
d15888.mp4 1 494
d5374.mp4 1 660
d4852.mp4 1 684
d5329.mp4 1 228
d17277.mp4 1 304
d17519.mp4 1 169
d18300.mp4 1 381
d20190.mp4 1 219
d22714.mp4 1 316
d15814.mp4 1 473
d4265.mp4 1 300
d15723.mp4 1 269
d15985.mp4 1 506
d15556.mp4 1 276
26227_1.mp4 1 1363
d23941_1.mp4 1 1443
d17573.mp4 1 205
d23936_5.mp4 1 1467
d15854.mp4 1 448
d15811.mp4 1 517
d5423.mp4 1 522
d23093.mp4 1 566
d16205.mp4 1 326
d4431.mp4 1 315
d430.mp4 1 1690
d3206.mp4 1 452
d4464.mp4 1 338
d15837.mp4 1 518
d23433.mp4 1 374
d23949_3.mp4 1 1665
d22794.mp4 1 693
d15841.mp4 1 364
d15006.mp4 1 57
d5003.mp4 1 223
d398.mp4 1 3157
d15264.mp4 1 562
d5125.mp4 1 581
d6223.mp4 1 416
d16166.mp4 1 393
d5176.mp4 1 677
d5947.mp4 1 395
d22559.mp4 1 322
d23641.mp4 1 665
d15878.mp4 1 441
d5930.mp4 1 486
d23342.mp4 1 365
d22826.mp4 1 675
d17552.mp4 1 95
d15047.mp4 1 546
d16102.mp4 1 454
d23065.mp4 1 382
d4594.mp4 1 250
d6203.mp4 1 395
d15486.mp4 1 469
d5470.mp4 1 660
d15798.mp4 1 430
d5197.mp4 1 513
d15160.mp4 1 219
d415.mp4 1 2055
d15630.mp4 1 798
d15174.mp4 1 165
d22638.mp4 1 857
d22631.mp4 1 425
d23955_2.mp4 1 1723
d4860.mp4 1 534
d15761.mp4 1 390
d23662.mp4 1 1108
d23934_4.mp4 1 1227
d23650.mp4 1 395
d4776.mp4 1 466
d22534.mp4 1 1805
d5174.mp4 1 386
d5358.mp4 1 888
26204_2.mp4 1 1319
d15607.mp4 1 639
d5131.mp4 1 742
d15490.mp4 1 717
d15743.mp4 1 433
d6225.mp4 1 265
d15594.mp4 1 637
d6144.mp4 1 389
d22336.mp4 1 188
d6112.mp4 1 147
d15214.mp4 1 458
d5261.mp4 1 473
d23058.mp4 1 374
d15586.mp4 1 311
d6059.mp4 1 392
d5574.mp4 1 254
d6476.mp4 1 412
d15829.mp4 1 362
d18488.mp4 1 524
d5275.mp4 1 385
d6148.mp4 1 293
d6044.mp4 1 292
d5249.mp4 1 200
d15757.mp4 1 314
d20433.mp4 1 114
d452.mp4 1 437
d4885.mp4 1 1128
d22602.mp4 1 265
d5383.mp4 1 1024
d3071.mp4 1 914
d3244.mp4 1 653
d22820.mp4 1 438
d5154.mp4 1 529
d18275.mp4 1 295
d15866.mp4 1 418
d4697.mp4 1 574
d5191.mp4 1 371
d22803.mp4 1 659
d4844.mp4 1 181
d6237.mp4 1 271
d16197.mp4 1 624
d6231.mp4 1 729
d4698.mp4 1 285
d22376.mp4 1 247
d6213.mp4 1 339
d22417.mp4 1 428
d15654.mp4 1 515
5116.mp4 0 893
5294.mp4 0 260
1015.mp4 0 205
4971.mp4 0 601
379.mp4 0 461
3626.mp4 0 337
2995.mp4 0 396
1084.mp4 0 258
387.mp4 0 246
2046.mp4 0 512
1851.mp4 0 557
3182.mp4 0 592
985.mp4 0 377
4772.mp4 0 647
821.mp4 0 294
3315.mp4 0 359
3115.mp4 0 239
1887.mp4 0 493
3679.mp4 0 325
955.mp4 0 245
2136.mp4 0 238
2599.mp4 0 349
938.mp4 0 171
3494.mp4 0 206
2301.mp4 0 564
356.mp4 0 192
5022.mp4 0 380
5099.mp4 0 608
3386.mp4 0 294
5135.mp4 0 209
304.mp4 0 226
2612.mp4 0 595
5384.mp4 0 319
970.mp4 0 325
2303.mp4 0 346
4865.mp4 0 350
3620.mp4 0 324
5106.mp4 0 425
1056.mp4 0 175
5233.mp4 0 229
2657.mp4 0 465
5290.mp4 0 536
5214.mp4 0 243
2178.mp4 0 322
3328.mp4 0 638
3057.mp4 0 208
1787.mp4 0 296
2384.mp4 0 290
4778.mp4 0 357
3373.mp4 0 260
3434.mp4 0 268
3543.mp4 0 601
2088.mp4 0 259
2031.mp4 0 288
342.mp4 0 203
5337.mp4 0 373
840.mp4 0 323
459.mp4 0 398
3055.mp4 0 368
3153.mp4 0 498
3521.mp4 0 528
3470.mp4 0 384
4996.mp4 0 765
3357.mp4 0 581
1054.mp4 0 185
4851.mp4 0 532
201.mp4 0 134
4704.mp4 0 264
2107.mp4 0 377
2632.mp4 0 399
3558.mp4 0 290
4941.mp4 0 219
312.mp4 0 559
2503.mp4 0 704
912.mp4 0 361
464.mp4 0 307
3325.mp4 0 350
5393.mp4 0 212
2237.mp4 0 318
4840.mp4 0 425
4770.mp4 0 476
987.mp4 0 320
3462.mp4 0 489
4925.mp4 0 327
5161.mp4 0 377
3125.mp4 0 188
990.mp4 0 355
2258.mp4 0 354
1002.mp4 0 217
2082.mp4 0 342
1777.mp4 0 280
4773.mp4 0 644
2304.mp4 0 363
4710.mp4 0 350
883.mp4 0 282
5302.mp4 0 928
4678.mp4 0 951
4728.mp4 0 317
5377.mp4 0 278
5150.mp4 0 337
445.mp4 0 331
3237.mp4 0 344
3268.mp4 0 476
1827.mp4 0 735
2204.mp4 0 650
5281.mp4 0 214
773.mp4 0 1073
350.mp4 0 250
2436.mp4 0 258
255.mp4 0 409
2025.mp4 0 361
449.mp4 0 233
1831.mp4 0 435
5395.mp4 0 220
3015.mp4 0 518
2165.mp4 0 246
2441.mp4 0 309
5072.mp4 0 200
842.mp4 0 187
4684.mp4 0 758
2426.mp4 0 613
3068.mp4 0 460
1784.mp4 0 561
712.mp4 0 229
1053.mp4 0 219
1795.mp4 0 407
1824.mp4 0 350
3490.mp4 0 453
3044.mp4 0 245
3633.mp4 0 362
2456.mp4 0 270
5368.mp4 0 171
1806.mp4 0 804
1895.mp4 0 536
220.mp4 0 199
2171.mp4 0 250
4808.mp4 0 294
3615.mp4 0 133
4894.mp4 0 660
1924.mp4 0 345
549.mp4 0 335
3501.mp4 0 792
2118.mp4 0 316
3178.mp4 0 406
2417.mp4 0 18
417.mp4 0 172
3495.mp4 0 563
3642.mp4 0 450
1838.mp4 0 518
3477.mp4 0 553
709.mp4 0 300
3539.mp4 0 596
471.mp4 0 253
4998.mp4 0 431
431.mp4 0 418
554.mp4 0 350
2695.mp4 0 418
774.mp4 0 350
2563.mp4 0 451
3561.mp4 0 790
3183.mp4 0 479
2169.mp4 0 322
4912.mp4 0 256
681.mp4 0 602
750.mp4 0 257
4644.mp4 0 398
4903.mp4 0 322
611.mp4 0 216
518.mp4 0 204
4653.mp4 0 125
4717.mp4 0 348
2764.mp4 0 331
657.mp4 0 267
2359.mp4 0 242
1996.mp4 0 442
2206.mp4 0 380
3638.mp4 0 377
521.mp4 0 232
5215.mp4 0 441
3423.mp4 0 650
726.mp4 0 295
3286.mp4 0 520
1943.mp4 0 285
2728.mp4 0 556
4975.mp4 0 242
3482.mp4 0 567
741.mp4 0 384
753.mp4 0 246
2624.mp4 0 575
778.mp4 0 237
895.mp4 0 173
2722.mp4 0 600
219.mp4 0 271
2244.mp4 0 273
2721.mp4 0 643
2428.mp4 0 563
4863.mp4 0 332
3648.mp4 0 169
640.mp4 0 292
2534.mp4 0 562
4910.mp4 0 298
679.mp4 0 308
4735.mp4 0 421
4769.mp4 0 556
659.mp4 0 447
1984.mp4 0 451
728.mp4 0 422
5001.mp4 0 509
5338.mp4 0 498
855.mp4 0 432
3130.mp4 0 209
706.mp4 0 436
3422.mp4 0 609
947.mp4 0 187
744.mp4 0 286
914.mp4 0 420
2048.mp4 0 545
3326.mp4 0 296
817.mp4 0 297
4697.mp4 0 234
568.mp4 0 210
4934.mp4 0 458
605.mp4 0 395
2431.mp4 0 299
411.mp4 0 231
3611.mp4 0 366
3600.mp4 0 170
2594.mp4 0 351
5111.mp4 0 364
593.mp4 0 392
2318.mp4 0 550
5242.mp4 0 333
540.mp4 0 222
4867.mp4 0 517
2635.mp4 0 597
1785.mp4 0 661
4687.mp4 0 1050
3224.mp4 0 363
4852.mp4 0 1695
1992.mp4 0 427
5385.mp4 0 248
859.mp4 0 224
993.mp4 0 148
3469.mp4 0 485
3388.mp4 0 143
4932.mp4 0 800
844.mp4 0 295
2376.mp4 0 343
2755.mp4 0 594
4959.mp4 0 291
2357.mp4 0 629
3028.mp4 0 306
730.mp4 0 311
2305.mp4 0 405
4875.mp4 0 204
199.mp4 0 208
2325.mp4 0 491
3349.mp4 0 459
2102.mp4 0 350
3549.mp4 0 362
2186.mp4 0 226
4748.mp4 0 356
876.mp4 0 283
951.mp4 0 256
3010.mp4 0 563
3148.mp4 0 902
2684.mp4 0 628
297.mp4 0 333
5075.mp4 0 159
2451.mp4 0 217
3320.mp4 0 385
5180.mp4 0 211
3428.mp4 0 491
3431.mp4 0 412
3181.mp4 0 602
4945.mp4 0 405
4926.mp4 0 266
579.mp4 0 290
3232.mp4 0 313
2332.mp4 0 245
4699.mp4 0 305
3111.mp4 0 131
2330.mp4 0 251
3018.mp4 0 400
3202.mp4 0 350
5278.mp4 0 247
2737.mp4 0 549
215.mp4 0 404
3113.mp4 0 140
2533.mp4 0 669
341.mp4 0 285
2613.mp4 0 454
4830.mp4 0 311
4907.mp4 0 492
597.mp4 0 389
3095.mp4 0 305
1987.mp4 0 463
2754.mp4 0 401
3590.mp4 0 368
3430.mp4 0 342
2694.mp4 0 250
3117.mp4 0 300
3362.mp4 0 258
2115.mp4 0 368
1005.mp4 0 242
2079.mp4 0 225
5179.mp4 0 270
866.mp4 0 516
2576.mp4 0 496
903.mp4 0 219
2278.mp4 0 645
717.mp4 0 320
801.mp4 0 485
599.mp4 0 322
245.mp4 0 313
2382.mp4 0 335
658.mp4 0 415
1910.mp4 0 250
3052.mp4 0 181
420.mp4 0 207
1799.mp4 0 713
416.mp4 0 204
3376.mp4 0 464
3418.mp4 0 304
2053.mp4 0 563
3429.mp4 0 586
2570.mp4 0 365
5025.mp4 0 385
1951.mp4 0 418
2138.mp4 0 274
1916.mp4 0 277
3167.mp4 0 495
3407.mp4 0 301
1864.mp4 0 594
5363.mp4 0 228
5059.mp4 0 267
1913.mp4 0 262
5247.mp4 0 149
4766.mp4 0 264
2450.mp4 0 372
1847.mp4 0 539
5228.mp4 0 288
3556.mp4 0 347
496.mp4 0 260
5266.mp4 0 303
594.mp4 0 329
5370.mp4 0 248
2288.mp4 0 474
1971.mp4 0 519
2147.mp4 0 438
2639.mp4 0 536
904.mp4 0 177
2501.mp4 0 451
217.mp4 0 324
894.mp4 0 183
2269.mp4 0 581
5297.mp4 0 646
3380.mp4 0 296
2649.mp4 0 380
5043.mp4 0 404
2260.mp4 0 446
403.mp4 0 353
2524.mp4 0 778
4837.mp4 0 239
680.mp4 0 275
5199.mp4 0 164
3174.mp4 0 393
3070.mp4 0 168
405.mp4 0 284
5322.mp4 0 267
3517.mp4 0 613
5282.mp4 0 284
462.mp4 0 275
325.mp4 0 206
2348.mp4 0 425
246.mp4 0 389
2468.mp4 0 399
4965.mp4 0 167
2347.mp4 0 240
2735.mp4 0 713
5301.mp4 0 501
1083.mp4 0 213
3060.mp4 0 281
2606.mp4 0 393
2137.mp4 0 320
3484.mp4 0 320
2560.mp4 0 376
936.mp4 0 159
1921.mp4 0 330
2730.mp4 0 594
5000.mp4 0 180
2771.mp4 0 450
890.mp4 0 329
3657.mp4 0 608
3033.mp4 0 288
2551.mp4 0 350
1020.mp4 0 300
582.mp4 0 400
5030.mp4 0 171
3573.mp4 0 450
3547.mp4 0 906
3414.mp4 0 305
4954.mp4 0 381
819.mp4 0 256
1796.mp4 0 612
2437.mp4 0 279
3197.mp4 0 630
508.mp4 0 178
792.mp4 0 409
2757.mp4 0 627
3585.mp4 0 872
3353.mp4 0 448
4663.mp4 0 255
1900.mp4 0 516
3454.mp4 0 328
249.mp4 0 274
3263.mp4 0 198
877.mp4 0 400
3118.mp4 0 130
2050.mp4 0 649
330.mp4 0 184
311.mp4 0 435
1963.mp4 0 546
3200.mp4 0 593
891.mp4 0 288
5188.mp4 0 430
2485.mp4 0 709
4928.mp4 0 269
1033.mp4 0 323
1049.mp4 0 211
2062.mp4 0 306
5256.mp4 0 385
3274.mp4 0 568
625.mp4 0 157
3584.mp4 0 130
5402.mp4 0 189
3132.mp4 0 257
1021.mp4 0 290
569.mp4 0 269
612.mp4 0 324
3146.mp4 0 199
2603.mp4 0 199
4845.mp4 0 283
2283.mp4 0 520
2404.mp4 0 376
3488.mp4 0 403
5028.mp4 0 275
303.mp4 0 364
506.mp4 0 195
910.mp4 0 242
5250.mp4 0 211
1821.mp4 0 1244
5100.mp4 0 559
3572.mp4 0 346
5143.mp4 0 139
2179.mp4 0 311
2409.mp4 0 540
2994.mp4 0 424
787.mp4 0 221
667.mp4 0 289
3639.mp4 0 409
1075.mp4 0 237
2493.mp4 0 423
5403.mp4 0 98
2535.mp4 0 551
393.mp4 0 299
615.mp4 0 317
2155.mp4 0 327
3560.mp4 0 594
528.mp4 0 262
3654.mp4 0 211
674.mp4 0 381
698.mp4 0 334
4673.mp4 0 357
1858.mp4 0 340
4823.mp4 0 296
925.mp4 0 326
809.mp4 0 333
3266.mp4 0 320
1912.mp4 0 231
828.mp4 0 155
3045.mp4 0 322
2123.mp4 0 257
2558.mp4 0 600
3087.mp4 0 234
2448.mp4 0 302
3658.mp4 0 210
4935.mp4 0 694
965.mp4 0 232
5086.mp4 0 162
421.mp4 0 361
5185.mp4 0 657
1041.mp4 0 297
378.mp4 0 400
1903.mp4 0 369
711.mp4 0 280
3048.mp4 0 177
2117.mp4 0 323
3354.mp4 0 382
3034.mp4 0 305
3172.mp4 0 496
3203.mp4 0 466
2582.mp4 0 712
2550.mp4 0 623
2085.mp4 0 211
2010.mp4 0 573
3688.mp4 0 355
1869.mp4 0 543
5196.mp4 0 336
5090.mp4 0 242
4791.mp4 0 446
4855.mp4 0 654
628.mp4 0 220
349.mp4 0 424
4716.mp4 0 250
2597.mp4 0 249
5390.mp4 0 266
3677.mp4 0 180
299.mp4 0 276
2162.mp4 0 333
3058.mp4 0 355
3193.mp4 0 538
2139.mp4 0 377
5004.mp4 0 118
613.mp4 0 292
982.mp4 0 313
5369.mp4 0 253
630.mp4 0 155
1790.mp4 0 270
602.mp4 0 439
2997.mp4 0 398
5273.mp4 0 357
5020.mp4 0 196
338.mp4 0 200
4718.mp4 0 133
848.mp4 0 160
463.mp4 0 315
2739.mp4 0 601
5265.mp4 0 138
4838.mp4 0 256
1928.mp4 0 238
3212.mp4 0 661
2086.mp4 0 248
2116.mp4 0 397
789.mp4 0 241
794.mp4 0 564
4749.mp4 0 644
3211.mp4 0 340
265.mp4 0 264
242.mp4 0 311
2736.mp4 0 596
2671.mp4 0 447
2759.mp4 0 446
1935.mp4 0 264
4764.mp4 0 300
2030.mp4 0 339
3587.mp4 0 430
852.mp4 0 201
920.mp4 0 471
5312.mp4 0 382
1954.mp4 0 456
5262.mp4 0 260
3426.mp4 0 310
1896.mp4 0 628
2572.mp4 0 330
1976.mp4 0 281
3233.mp4 0 369
4725.mp4 0 414
563.mp4 0 231
3464.mp4 0 447
2439.mp4 0 212
4738.mp4 0 392
3545.mp4 0 421
2320.mp4 0 650
3038.mp4 0 307
620.mp4 0 372
2406.mp4 0 328
3184.mp4 0 528
815.mp4 0 323
1879.mp4 0 447
2758.mp4 0 523
2211.mp4 0 346
5048.mp4 0 371
1946.mp4 0 389
824.mp4 0 336
2003.mp4 0 232
622.mp4 0 207
5082.mp4 0 272
5176.mp4 0 239
476.mp4 0 357
2724.mp4 0 612
2627.mp4 0 469
762.mp4 0 293
826.mp4 0 350
422.mp4 0 271
2277.mp4 0 846
4966.mp4 0 200
677.mp4 0 182
4803.mp4 0 824
5387.mp4 0 200
847.mp4 0 241
3437.mp4 0 164
2145.mp4 0 376
1076.mp4 0 198
2142.mp4 0 272
4940.mp4 0 569
607.mp4 0 535
4785.mp4 0 538
1025.mp4 0 233
2372.mp4 0 352
524.mp4 0 299
2100.mp4 0 371
780.mp4 0 613
510.mp4 0 196
2476.mp4 0 342
3378.mp4 0 233
1060.mp4 0 178
3361.mp4 0 976
5139.mp4 0 343
3651.mp4 0 327
2477.mp4 0 278
2578.mp4 0 300
4824.mp4 0 330
3382.mp4 0 350
202.mp4 0 310
339.mp4 0 239
5024.mp4 0 667
4856.mp4 0 470
3050.mp4 0 207
5009.mp4 0 213
187.mp4 0 364
2701.mp4 0 372
2225.mp4 0 322
4833.mp4 0 958
4983.mp4 0 324
2198.mp4 0 526
2516.mp4 0 589
3241.mp4 0 387
4918.mp4 0 320
2364.mp4 0 211
2216.mp4 0 382
2038.mp4 0 374
4943.mp4 0 180
2069.mp4 0 336
548.mp4 0 311
2381.mp4 0 307
2327.mp4 0 342
5115.mp4 0 132
4732.mp4 0 412
1862.mp4 0 533
3387.mp4 0 193
5055.mp4 0 399
3351.mp4 0 321
4938.mp4 0 291
5065.mp4 0 384
1087.mp4 0 274
2177.mp4 0 268
468.mp4 0 294
4744.mp4 0 387
440.mp4 0 509
1805.mp4 0 719
4802.mp4 0 762
4992.mp4 0 144
2546.mp4 0 577
5012.mp4 0 143
5366.mp4 0 205
360.mp4 0 190
373.mp4 0 286
4641.mp4 0 310
4953.mp4 0 343
306.mp4 0 341
782.mp4 0 300
1878.mp4 0 693
3503.mp4 0 543
2646.mp4 0 537
887.mp4 0 266
2217.mp4 0 619
5166.mp4 0 421
3508.mp4 0 563
3625.mp4 0 297
3675.mp4 0 1461
2595.mp4 0 377
2418.mp4 0 397
926.mp4 0 288
3347.mp4 0 492
786.mp4 0 283
2544.mp4 0 554
3348.mp4 0 420
2267.mp4 0 573
835.mp4 0 310
954.mp4 0 233
1981.mp4 0 597
538.mp4 0 166
3583.mp4 0 712
5118.mp4 0 602
222.mp4 0 201
4887.mp4 0 246
5310.mp4 0 576
1994.mp4 0 536
1062.mp4 0 183
695.mp4 0 484
771.mp4 0 261
2187.mp4 0 201
2284.mp4 0 512
5226.mp4 0 1216
5300.mp4 0 620
650.mp4 0 286
5138.mp4 0 356
5037.mp4 0 352
2296.mp4 0 437
5109.mp4 0 429
3548.mp4 0 317
3256.mp4 0 240
2266.mp4 0 286
3678.mp4 0 410
4711.mp4 0 466
785.mp4 0 322
5104.mp4 0 381
4683.mp4 0 1044
233.mp4 0 310
1934.mp4 0 178
3129.mp4 0 332
2208.mp4 0 769
5160.mp4 0 829
1931.mp4 0 270
2379.mp4 0 371
2005.mp4 0 472
4672.mp4 0 293
737.mp4 0 354
2415.mp4 0 697
802.mp4 0 357
492.mp4 0 106
747.mp4 0 265
2528.mp4 0 446
617.mp4 0 266
3013.mp4 0 900
756.mp4 0 218
2056.mp4 0 518
2058.mp4 0 443
1068.mp4 0 250
2616.mp4 0 606
3693.mp4 0 311
2022.mp4 0 325
4924.mp4 0 257
210.mp4 0 421
2101.mp4 0 371
2433.mp4 0 277
950.mp4 0 192
837.mp4 0 347
3216.mp4 0 332
5314.mp4 0 357
4982.mp4 0 333
634.mp4 0 194
5333.mp4 0 257
5077.mp4 0 219
562.mp4 0 223
3609.mp4 0 253
5317.mp4 0 672
981.mp4 0 346
805.mp4 0 387
2580.mp4 0 575
3589.mp4 0 198
3597.mp4 0 400
5168.mp4 0 309
408.mp4 0 323
2027.mp4 0 328
213.mp4 0 310
3141.mp4 0 137
3035.mp4 0 223
3532.mp4 0 855
874.mp4 0 299
2683.mp4 0 567
3295.mp4 0 398
2587.mp4 0 371
5389.mp4 0 188
3041.mp4 0 278
2470.mp4 0 450
4889.mp4 0 443
660.mp4 0 350
2157.mp4 0 269
4961.mp4 0 284
4657.mp4 0 515
5091.mp4 0 306
1942.mp4 0 308
5010.mp4 0 315
2749.mp4 0 701
5303.mp4 0 481
5401.mp4 0 287
575.mp4 0 112
2699.mp4 0 423
1813.mp4 0 697
2020.mp4 0 418
5136.mp4 0 191
4689.mp4 0 329
2521.mp4 0 820
743.mp4 0 236
3480.mp4 0 533
1008.mp4 0 243
864.mp4 0 170
353.mp4 0 309
1972.mp4 0 388
4755.mp4 0 416
3093.mp4 0 448
4655.mp4 0 313
960.mp4 0 255
3629.mp4 0 350
4700.mp4 0 229
2538.mp4 0 528
742.mp4 0 298
3294.mp4 0 446
1783.mp4 0 498
983.mp4 0 383
2306.mp4 0 319
2581.mp4 0 293
5232.mp4 0 760
2255.mp4 0 470
2706.mp4 0 400
1904.mp4 0 285
513.mp4 0 179
2402.mp4 0 360
639.mp4 0 286
2519.mp4 0 713
391.mp4 0 325
419.mp4 0 343
1929.mp4 0 304
4788.mp4 0 626
1902.mp4 0 474
916.mp4 0 384
1803.mp4 0 544
975.mp4 0 244
5110.mp4 0 475
2076.mp4 0 257
4642.mp4 0 261
3236.mp4 0 310
629.mp4 0 216
3427.mp4 0 888
4819.mp4 0 290
2075.mp4 0 390
3699.mp4 0 613
3276.mp4 0 357
4650.mp4 0 618
690.mp4 0 290
2772.mp4 0 650
390.mp4 0 408
3541.mp4 0 443
3215.mp4 0 406
818.mp4 0 350
3478.mp4 0 491
3187.mp4 0 349
384.mp4 0 212
2548.mp4 0 329
3522.mp4 0 421
1974.mp4 0 350
4859.mp4 0 357
1791.mp4 0 279
358.mp4 0 186
2004.mp4 0 527
2189.mp4 0 180
704.mp4 0 441
3251.mp4 0 322
2761.mp4 0 461
5371.mp4 0 197
5142.mp4 0 366
1977.mp4 0 790
5344.mp4 0 184
5305.mp4 0 530
806.mp4 0 322
489.mp4 0 395
1780.mp4 0 532
1778.mp4 0 371
2168.mp4 0 282
5042.mp4 0 217
5257.mp4 0 480
4740.mp4 0 344
3697.mp4 0 441
1906.mp4 0 383
2108.mp4 0 300
1072.mp4 0 269
4832.mp4 0 593
5117.mp4 0 1256
4812.mp4 0 359
4784.mp4 0 263
4970.mp4 0 449
5340.mp4 0 128
2099.mp4 0 372
3527.mp4 0 612
4736.mp4 0 374
